- OS: Windows-11-10.0.26200-SP0 10.0.26200
- Python: 3.12.10
- Stable-Baselines3: 2.5.0
- PyTorch: 2.4.1+cpu
- GPU Enabled: False
- Numpy: 2.3.4
- Cloudpickle: 3.0.0
- Gymnasium: 1.0.0
- OpenAI Gym: 0.25.2
